508
508
508
508
507
508
508
508
508
508
507
508
508
508
508
508
508
508
508
508
508
508
509
509
508
508
508
508
509
509
508
508
510
516
519
516
511
517
518
515
514
519
518
512
516
519
517
510
508
508
508
508
508
508
509
508
508
509
508
508
508
509
509
509
509
498
575
538
506
518
586
510
499
537
579
497
493
556
552
491
497
508
508
508
508
508
508
509
509
508
508
508
508
508
508
508
509
510
512
513
509
512
513
515
509
511
513
515
510
512
513
515
517
519
524
526
517
520
525
526
517
522
527
525
517
524
528
524
524
513
507
507
523
510
507
507
521
509
508
508
517
508
507
508
507
507
508
508
507
507
508
508
507
508
508
508
507
508
508
508
508
508
508
508
507
508
508
509
507
508
508
508
508
508
508
508
509
509
508
508
509
508
508
509
508
508
509
508
508
509
509
509
509
509
508
509
509
509
508
509
509
509
508
509
509
509
509
509
509
509
509
509
508
509
509
508
510
510
508
508
509
508
509
508
509
509
508
514
508
508
509
516
509
508
510
517
509
509
513
518
518
518
512
509
519
517
509
510
519
516
509
509
518
515
509
508
509
509
509
497
509
509
509
492
509
509
509
505
509
509
507
518
544
572
490
508
557
552
490
508
575
529
499
509
586
509
507
508
509
508
509
509
508
508
509
510
509
508
509
510
508
509
509
511
511
513
514
517
511
513
515
518
511
513
516
519
512
515
517
521
522
527
525
519
523
528
524
517
525
526
524
512
526
525
524
511
509
507
508
507
508
507
507
507
507
508
507
508
507
507
507
507
508
507
507
508
508
507
508
508
508
508
506
507
508
508
508
507
507
508
507
507
507
507
507
508
507
507
507
508
508
508
507
506
506
508
508
508
508
507
508
507
507
507
507
508
507
508
508
507
507
507
507
508
507
508
508
508
507
507
508
508
507
507
507
508
508
508
508
508
508
508
508
508
508
508
508
507
508
508
508
508
509
510
516
518
508
512
518
518
508
515
519
518
508
516
518
516
515
509
508
508
513
509
508
508
511
508
509
508
509
509
509
509
508
508
504
581
508
505
524
586
508
497
543
565
508
490
563
552
523
503
508
507
510
507
508
508
488
508
508
508
491
508
508
508
508
510
511
513
508
509
511
513
508
510
512
514
509
511
512
514
515
517
519
525
515
517
521
526
515
518
522
527
516
518
524
527
526
524
514
507
526
524
512
508
525
520
509
508
525
517
508
508
507
507
507
507
507
507
507
507
508
508
507
507
508
507
507
506
507
507
507
507
507
507
507
507
507
507
508
507
507
507
508
507
508
508
508
507
507
507
507
507
507
507
507
507
508
507
508
507
508
507
508
508
507
508
507
507
507
508
507
508
507
507
508
508
507
507
508
507
508
507
508
507
508
508
507
507
506
507
508
507
507
507
508
508
507
507
508
507
507
507
507
510
508
507
507
512
514
519
517
510
516
518
515
508
516
518
515
508
517
518
513
508
507
508
507
508
508
508
507
507
508
508
506
507
508
507
507
501
495
543
563
487
494
562
543
493
505
581
522
502
530
584
501
507
508
507
507
508
507
506
506
508
507
507
507
509
507
507
507
509
509
1022
512
1022
1022
505
513
1022
1022
511
513
1022
1022
512
1022
511
517
522
527
525
518
524
526
524
519
525
524
524
521
526
525
521
518
509
506
507
514
507
507
507
513
507
507
506
510
506
506
507
507
506
505
507
507
507
507
507
507
505
507
506
508
503
507
507
506
507
507
506
506
507
507
506
506
507
507
506
507
508
507
506
507
507
508
507
508
507
507
508
507
507
507
507
507
507
507
508
508
509
508
508
507
508
508
508
508
507
508
508
508
508
508
509
509
509
508
508
508
508
508
509
508
509
508
508
508
508
508
508
508
508
510
517
509
508
513
518
508
509
514
519
508
509
515
518
519
513
509
509
518
511
509
509
516
509
508
509
516
509
509
509
508
509
504
525
509
509
497
544
509
509
491
557
509
508
506
582
586
509
507
508
564
489
508
508
550
492
508
508
522
504
508
509
508
508
508
511
508
508
510
512
508
509
509
511
508
508
510
511
512
514
516
521
512
514
517
522
513
516
517
524
513
517
518
525
526
525
521
510
527
524
517
509
526
524
513
508
525
524
512
508
508
508
507
508
508
507
507
508
508
507
507
507
507
507
508
507
507
507
508
507
508
508
508
507
507
508
507
507
508
508
507
507
508
507
507
507
508
508
508
507
508
508
507
507
508
508
507
507
508
507
507
507
508
507
507
507
506
507
508
508
506
507
508
508
508
507
508
507
507
507
507
507
507
507
507
507
508
507
508
507
508
508
508
508
508
508
507
507
507
507
507
508
507
507
507
508
510
517
516
513
513
518
518
512
515
518
516
509
515
518
514
507
508
508
507
507
508
508
508
507
508
508
508
508
508
508
508
507
506
518
587
514
501
531
576
494
491
557
556
488
495
569
535
496
508
507
506
507
508
508
507
507
508
507
507
508
508
507
507
507
508
510
512
514
509
510
513
514
509
510
513
514
509
511
514
515
517
520
526
525
516
522
527
524
519
523
527
524
519
525
525
524
522
510
507
508
519
509
508
507
515
507
507
1022
513
508
507
1022
1022
508
508
506
1022
507
507
507
504
507
507
507
507
508
507
507
507
507
507
507
507
507
506
507
507
507
507
507
507
507
507
507
507
508
508
507
508
508
508
508
508
508
507
508
508
507
507
508
508
508
508
508
508
509
508
508
508
508
508
508
509
508
508
508
508
507
508
508
508
507
508
509
508
509
508
509
509
508
508
507
508
508
510
516
508
509
512
518
508
508
515
519
509
508
516
519
519
515
508
509
519
511
508
508
517
510
508
509
516
507
509
508
508
508
506
520
509
509
499
538
509
509
492
558
508
509
500
578
586
509
508
508
577
495
508
509
550
492
508
508
536
498
508
508
509
509
510
512
508
509
510
512
509
510
512
513
509
510
511
512
513
515
517
521
513
515
518
523
513
515
519
524
514
517
521
525
527
525
522
510
528
524
519
509
528
524
515
508
526
525
512
507
508
508
508
508
508
508
508
508
508
508
507
507
506
508
507
508
508
508
508
509
508
508
509
509
508
509
508
509
508
508
509
508
509
509
510
508
508
508
509
509
509
508
509
509
508
508
509
508
508
509
509
509
508
508
508
509
508
509
508
509
509
509
509
508
509
509
509
509
509
510
509
510
509
509
509
510
510
509
510
510
510
509
509
509
510
509
509
509
510
509
509
510
510
510
510
510
512
518
519
516
514
519
519
514
516
520
517
511
517
519
516
509
509
509
508
509
509
508
508
509
508
509
509
509
509
509
509
508
508
507
583
522
501
532
582
500
496
545
564
489
496
571
542
495
505
508
508
508
509
509
507
507
509
508
508
508
509
509
509
508
508
510
511
514
509
511
512
515
510
511
512
516
510
512
513
516
515
520
527
525
517
522
528
525
519
524
527
524
519
525
526
524
522
511
507
507
519
509
508
507
517
508
508
507
512
508
507
507
507
508
507
507
507
507
507
507
507
507
507
507
506
507
508
507
507
508
507
507
508
508
507
507
507
507
507
507
508
507
507
507
507
507
508
508
507
507
507
507
507
507
507
507
508
507
507
506
507
507
507
507
507
507
507
507
507
507
506
507
507
507
507
506
507
508
507
506
508
507
507
508
507
507
507
508
507
507
508
507
508
508
1022
510
508
507
1022
516
507
508
1022
518
508
508
1022
518
518
513
507
507
517
512
507
507
516
509
508
508
515
507
508
508
508
508
508
513
508
508
501
531
507
508
492
551
508
507
495
570
588
520
503
507
575
494
508
507
554
488
507
507
533
497
507
507
507
508
507
509
507
507
508
509
507
507
509
510
508
508
509
510
512
514
516
519
511
515
517
520
513
514
518
523
513
515
518
524
526
524
522
511
527
524
519
509
526
524
516
507
526
524
513
507
508
508
508
507
507
507
507
507
507
508
506
507
507
507
508
507
507
507
507
507
507
507
507
507
508
507
507
507
507
507
507
507
507
507
507
507
507
507
507
507
507
508
507
508
508
508
507
507
507
507
508
507
508
507
507
508
507
508
508
508
508
508
508
508
507
508
508
507
508
507
507
508
508
507
508
508
507
508
508
508
507
509
508
508
508
508
508
507
508
508
508
508
508
507
508
508
509
517
518
515
513
518
519
514
514
517
518
511
516
519
516
509
508
508
508
508
508
508
508
508
507
507
508
509
508
508
508
508
508
507
583
528
506
520
585
507
495
546
562
488
492
559
548
491
501
509
508
509
508
508
508
509
509
507
508
510
509
508
509
509
509
510
513
515
510
512
513
516
511
512
514
516
510
512
514
517
517
521
526
527
517
523
527
525
519
523
528
525
519
525
528
525
524
512
508
508
522
511
508
509
517
509
508
508
515
508
508
508
508
509
508
508
509
508
508
508
508
508
508
509
508
509
509
509
507
508
508
508
508
508
507
507
508
508
507
507
508
508
508
507
507
507
508
508
508
507
508
508
508
507
507
508
507
507
509
509
508
508
507
508
508
508
508
508
508
508
508
508
508
508
508
508
508
508
507
508
508
507
507
508
508
508
507
509
508
508
508
507
507
508
509
516
508
507
510
517
508
508
513
517
507
507
515
518
518
515
508
508
518
512
508
508
517
511
508
508
516
508
508
508
508
508
508
507
508
508
502
526
508
508
495
545
508
508
490
565
582
520
503
506
581
506
507
507
561
489
507
507
541
492
507
507
507
507
508
509
507
507
509
510
507
507
509
510
507
508
509
510
511
514
515
518
511
514
516
521
513
515
517
521
512
515
518
524
524
525
523
510
526
524
518
508
527
523
515
508
525
524
513
506
507
507
507
506
507
507
507
507
506
507
506
507
507
506
507
507
506
507
507
507
506
507
508
507
507
508
507
507
507
507
507
507
507
507
507
507
507
507
507
507
507
507
506
507
507
507
507
507
507
508
508
508
508
508
508
508
508
507
508
508
507
508
507
508
508
508
508
508
508
508
507
507
508
508
508
508
508
508
508
508
508
508
509
508
508
508
508
508
508
508
507
508
509
508
508
508
509
516
518
516
510
517
518
514
514
518
518
513
515
518
516
510
508
509
508
509
509
508
508
509
509
509
509
509
508
509
508
508
508
497
572
533
506
521
585
506
501
533
574
494
492
559
548
489
498
508
508
508
509
508
508
508
508
508
508
509
508
508
508
510
509
511
512
515
510
512
512
515
510
512
513
516
510
512
513
516
517
520
525
526
517
521
526
525
518
523
527
524
518
524
526
524
523
510
507
507
521
509
507
507
517
508
507
507
514
507
507
507
507
507
507
507
507
507
507
507
507
507
507
506
507
507
507
507
506
507
1022
507
507
1022
503
507
506
1022
507
508
507
1022
508
508
507
507
508
507
507
508
507
507
507
507
507
507
508
507
507
508
507
507
506
508
507
507
507
507
508
508
508
507
508
507
507
507
508
508
507
508
507
508
507
507
507
508
508
507
508
508
508
507
508
508
508
516
508
508
509
518
508
508
513
518
507
509
515
518
518
515
508
508
518
514
508
507
517
511
508
507
516
509
508
507
507
508
508
501
508
508
504
521
507
507
497
539
507
507
492
560
579
525
498
507
584
505
507
507
568
487
508
507
546
491
507
507
507
508
508
509
507
508
508
510
507
508
508
510
507
507
508
511
512
513
516
519
511
514
516
519
512
513
517
521
512
515
517
522
524
525
522
509
526
525
520
509
526
524
516
507
526
524
514
507
506
506
507
507
506
507
507
507
508
507
507
507
506
506
506
507
507
506
507
507
507
507
507
507
507
507
507
507
507
507
507
507
507
506
506
507
508
507
507
506
507
507
507
507
506
507
508
507
507
508
508
508
507
508
507
507
507
507
507
507
507
507
508
508
507
508
507
508
508
508
507
508
508
508
507
508
507
507
508
508
508
508
508
509
508
508
508
508
508
508
508
508
508
508
508
508
508
516
518
515
511
517
518
515
512
518
518
512
515
518
517
510
509
508
508
508
508
509
508
508
508
508
508
508
508
509
509
508
508
496
573
533
508
508
583
519
500
534
574
493
495
546
561
488
496
507
507
509
505
508
508
508
509
506
507
509
508
508
508
508
509
509
511
514
509
511
511
514
510
511
512
514
510
511
513
516
516
519
524
526
517
520
526
526
518
522
527
524
518
523
527
524
524
512
508
508
523
511
508
508
519
509
508
507
516
508
508
507
508
508
508
507
508
508
508
508
508
508
507
507
507
508
508
508
508
507
508
508
508
507
508
508
507
508
508
508
507
508
508
508
508
508
508
508
508
507
508
508
508
507
508
508
508
508
508
508
507
508
508
508
508
507
507
509
508
508
508
508
508
508
508
508
508
509
507
507
508
508
507
507
508
508
508
508
508
508
508
508
507
508
508
515
508
508
509
516
508
507
511
517
508
508
513
518
517
515
509
508
518
514
508
507
517
512
508
507
516
509
508
507
508
508
507
497
507
508
508
516
508
508
500
534
508
508
492
554
573
532
499
508
588
512
508
508
574
492
508
508
554
488
508
508
507
508
508
510
508
508
508
510
507
508
509
511
507
509
508
510
511
514
516
519
512
513
516
519
512
514
517
520
513
515
518
522
523
526
524
512
526
525
521
509
527
524
518
508
526
524
514
507
507
507
507
507
507
508
508
508
508
507
508
507
508
508
507
508
507
508
508
507
507
508
508
507
507
507
508
508
507
508
508
507
508
508
508
507
508
508
507
507
508
507
507
507
508
508
508
507
508
508
507
508
507
507
507
507
508
507
507
507
507
507
508
508
508
508
508
508
507
507
508
507
507
507
507
508
508
508
507
508
508
507
508
508
508
509
508
508
508
508
508
508
509
508
508
508
508
516
518
516
509
517
518
516
513
518
519
513
514
518
517
511
508
508
508
507
508
507
508
508
508
508
508
507
508
508
508
508
507
491
560
546
507
509
584
518
504
522
585
504
494
547
560
488
492
508
508
508
505
507
508
507
507
507
507
508
508
508
508
509
508
510
511
514
509
510
512
514
509
510
513
514
510
510
513
515
517
519
525
526
517
520
526
526
518
522
527
525
519
523
527
524
525
514
507
508
523
511
507
507
520
510
507
508
517
508
507
507
507
507
509
506
507
508
507
507
507
507
507
507
507
508
508
508
507
507
508
508
507
507
508
508
508
508
508
508
508
508
508
508
508
508
508
509
508
508
508
509
508
508
509
508
508
508
508
508
508
508
508
508
509
508
508
508
508
508
510
509
508
509
508
509
509
510
510
509
509
509
509
509
509
509
509
509
509
509
509
509
509
509
509
516
509
509
509
517
509
509
512
518
509
508
515
518
519
517
509
509
519
515
509
509
519
513
509
509
517
511
509
508
509
509
509
492
509
509
508
511
509
509
503
529
509
509
495
548
568
539
496
508
584
518
505
508
580
497
509
509
560
489
508
508
508
509
509
510
508
509
509
511
508
509
509
511
509
509
510
512
512
514
516
519
512
514
517
519
513
515
517
522
513
515
517
523
524
526
524
512
526
526
522
511
528
524
518
509
528
524
516
509
508
508
507
508
508
507
508
507
508
507
508
508
507
508
508
508
508
507
508
507
507
507
507
507
507
507
508
507
507
508
507
507
507
508
507
507
507
507
508
507
507
507
508
507
507
508
508
507
507
507
508
507
507
507
508
508
507
507
507
508
507
508
507
508
507
508
508
509
507
508
508
508
508
507
508
508
508
508
508
508
509
509
509
510
508
509
509
509
508
509
509
508
508
509
509
509
509
515
518
516
510
516
519
516
512
518
519
514
515
518
518
511
510
509
509
509
509
509
507
508
509
508
508
508
508
509
508
509
508
492
561
544
508
498
574
531
505
524
583
504
500
536
573
492
493
508
508
508
499
508
508
508
507
508
508
509
507
508
508
508
509
510
511
514
509
511
513
515
510
511
513
515
510
511
514
516
516
519
524
526
517
520
526
526
517
521
527
526
518
523
527
525
524
514
508
508
525
512
508
508
522
509
507
508
518
509
507
508
508
508
507
508
508
508
507
508
508
507
507
509
508
507
507
508
507
508
507
508
508
508
507
507
508
508
508
507
507
508
507
508
507
507
508
508
507
508
507
507
507
508
507
507
507
508
507
507
508
507
507
507
507
507
507
508
508
507
508
508
507
507
508
507
507
507
507
507
507
508
507
507
507
508
507
507
508
508
507
507
507
508
508
515
507
508
508
515
507
507
510
517
507
508
513
517
517
516
508
507
518
515
507
506
518
512
507
507
516
510
507
508
507
507
507
492
507
508
507
503
508
507
503
523
507
507
496
542
562
544
493
507
581
524
503
508
583
503
508
507
566
486
508
507
507
507
508
509
507
507
508
509
507
507
509
510
507
508
509
510
511
513
516
517
512
513
516
519
512
514
516
520
512
514
517
522
523
526
524
514
525
525
523
510
527
524
520
509
527
523
516
508
507
506
507
507
506
506
507
507
506
507
507
506
506
508
506
507
508
507
507
507
507
507
507
508
507
507
507
508
507
508
508
508
507
507
508
508
507
508
507
507
506
507
507
508
506
507
508
508
508
508
508
508
507
508
507
509
508
508
508
508
507
508
508
508
508
507
507
508
507
508
508
507
508
508
508
507
507
507
508
508
508
508
508
508
508
508
508
508
508
508
508
507
508
508
508
508
508
514
518
516
508
515
518
516
511
518
518
514
513
518
518
512
509
509
508
508
508
508
508
508
508
508
507
508
508
508
508
508
508
491
549
558
508
499
574
530
507
511
584
516
499
536
571
491
488
508
507
508
499
508
507
509
505
508
508
507
508
508
507
509
509
509
511
513
509
510
512
514
510
511
512
514
510
512
513
514
516
519
524
526
516
519
525
526
517
522
526
526
517
523
527
525
524
515
508
507
524
512
508
507
522
511
507
507
519
509
507
507
507
507
508
507
507
508
508
507
507
507
508
507
507
507
507
508
508
507
507
507
507
508
508
507
507
508
507
507
507
508
508
509
508
507
507
508
507
508
508
508
508
508
508
507
508
508
508
507
508
508
508
508
508
508
507
508
508
509
508
509
508
508
509
508
508
508
508
509
508
508
508
508
509
508
508
508
508
508
508
508
508
508
508
514
508
508
508
514
508
508
509
517
508
508
512
518
518
517
509
509
518
516
508
509
518
513
508
508
518
512
509
509
509
508
509
492
508
508
508
499
508
509
505
518
509
508
499
536
556
551
491
508
575
530
500
508
589
510
507
507
572
491
508
507
508
508
508
510
508
508
508
511
507
508
509
512
507
508
510
512
512
514
516
519
512
515
517
520
513
515
517
520
513
516
518
523
523
527
524
514
526
526
524
512
526
525
521
509
528
525
519
509
508
507
507
507
507
507
508
508
508
508
507
507
507
508
507
507
507
507
508
507
507
507
507
508
507
507
508
508
507
508
508
508
508
508
508
507
508
507
507
508
507
507
507
508
508
507
508
507
507
507
508
507
507
508
508
508
507
508
508
508
508
508
508
508
507
507
508
508
507
508
507
508
507
508
508
508
507
508
508
507
508
508
508
508
508
507
508
508
507
508
508
508
508
508
507
508
509
514
518
517
509
516
518
515
510
517
518
514
513
518
518
512
511
508
508
508
508
508
508
508
508
507
508
507
507
507
508
508
508
493
549
558
508
493
562
544
507
512
584
516
501
524
582
501
488
508
507
508
493
508
508
508
505
508
508
508
507
507
507
508
508
509
511
513
508
510
512
514
509
511
513
514
509
511
513
514
515
518
524
527
516
519
525
526
517
520
526
526
518
523
527
524
524
516
508
508
525
513
508
508
523
511
508
507
520
509
508
508
508
507
507
507
508
507
507
507
508
507
506
507
508
507
507
507
508
506
507
507
507
507
507
507
506
506
508
507
507
507
507
508
508
507
508
508
508
507
508
508
508
507
508
508
508
508
508
507
508
508
508
508
507
508
508
508
507
508
508
508
508
508
508
508
508
508
509
508
509
508
508
508
508
508
507
509
508
508
508
508
508
508
508
514
508
508
508
515
508
508
510
516
509
508
511
518
518
516
510
508
518
516
508
509
519
514
508
508
518
512
508
508
508
508
508
494
508
508
508
499
508
508
507
512
508
509
499
537
550
557
488
508
570
536
497
509
585
515
506
508
578
493
508
509
508
508
510
510
509
509
510
509
508
509
509
510
508
509
510
511
512
513
516
518
512
514
516
519
512
515
516
520
513
515
517
522
524
526
525
517
524
527
525
512
526
526
523
512
527
525
519
510
509
508
508
509
508
509
508
509
508
509
508
508
509
508
509
508
508
508
508
508
508
507
508
508
508
508
507
508
508
507
508
507
507
507
508
508
507
508
508
508
508
507
507
508
508
507
508
509
507
508
509
509
508
508
509
508
508
508
508
509
507
508
508
508
